
/*(gaussian-tbl 1 16 1 16 16 16)*/
float g16_1_1[1][1] =
 {{0.25000000}};

float g16_1_3[1][3] =
 {{0.24230831, 0.25000000, 0.24230831}};

float g16_1_5[1][5] =
 {{0.22062423, 0.24230831, 0.25000000, 0.24230831, 0.22062423}};

float g16_1_7[1][7] =
 {{0.18870990, 0.22062423, 0.24230831, 0.25000000, 0.24230831, 0.22062423, 0.18870990}};

float g16_1_9[1][9] =
 {{0.15163266, 0.18870990, 0.22062423, 0.24230831, 0.25000000, 0.24230831, 0.22062423, 0.18870990, 0.15163266}};

float g16_1_11[1][11] =
 {{0.11445834, 0.15163266, 0.18870990, 0.22062423, 0.24230831, 0.25000000, 0.24230831, 0.22062423, 0.18870990, 0.15163266, 0.11445834}};

float g16_1_13[1][13] =
 {{0.08116312, 0.11445834, 0.15163266, 0.18870990, 0.22062423, 0.24230831, 0.25000000, 0.24230831, 0.22062423, 0.18870990, 0.15163266, 0.11445834, 0.08116312}};

float g16_1_15[1][15] =
 {{0.05406629, 0.08116312, 0.11445834, 0.15163266, 0.18870990, 0.22062423, 0.24230831, 0.25000000, 0.24230831, 0.22062423, 0.18870990, 0.15163266, 0.11445834, 0.08116312, 0.05406629}};

float g16_3_1[3][1] =
 {{0.24230831},
  {0.25000000},
  {0.24230831}};

float g16_3_3[3][3] =
 {{0.23485327, 0.24230831, 0.23485327},
  {0.24230831, 0.25000000, 0.24230831},
  {0.23485327, 0.24230831, 0.23485327}};

float g16_3_5[3][5] =
 {{0.21383633, 0.23485327, 0.24230831, 0.23485327, 0.21383633},
  {0.22062423, 0.24230831, 0.25000000, 0.24230831, 0.22062423},
  {0.21383633, 0.23485327, 0.24230831, 0.23485327, 0.21383633}};

float g16_3_7[3][7] =
 {{0.18290391, 0.21383633, 0.23485327, 0.24230831, 0.23485327, 0.21383633, 0.18290391},
  {0.18870990, 0.22062423, 0.24230831, 0.25000000, 0.24230831, 0.22062423, 0.18870990},
  {0.18290391, 0.21383633, 0.23485327, 0.24230831, 0.23485327, 0.21383633, 0.18290391}};

float g16_3_9[3][9] =
 {{0.14696742, 0.18290391, 0.21383633, 0.23485327, 0.24230831, 0.23485327, 0.21383633, 0.18290391, 0.14696742},
  {0.15163266, 0.18870990, 0.22062423, 0.24230831, 0.25000000, 0.24230831, 0.22062423, 0.18870990, 0.15163266},
  {0.14696742, 0.18290391, 0.21383633, 0.23485327, 0.24230831, 0.23485327, 0.21383633, 0.18290391, 0.14696742}};

float g16_3_11[3][11] =
 {{0.11093683, 0.14696742, 0.18290391, 0.21383633, 0.23485327, 0.24230831, 0.23485327, 0.21383633, 0.18290391, 0.14696742, 0.11093683},
  {0.11445834, 0.15163266, 0.18870990, 0.22062423, 0.24230831, 0.25000000, 0.24230831, 0.22062423, 0.18870990, 0.15163266, 0.11445834},
  {0.11093683, 0.14696742, 0.18290391, 0.21383633, 0.23485327, 0.24230831, 0.23485327, 0.21383633, 0.18290391, 0.14696742, 0.11093683}};

float g16_3_13[3][13] =
 {{0.07866599, 0.11093683, 0.14696742, 0.18290391, 0.21383633, 0.23485327, 0.24230831, 0.23485327, 0.21383633, 0.18290391, 0.14696742, 0.11093683, 0.07866599},
  {0.08116312, 0.11445834, 0.15163266, 0.18870990, 0.22062423, 0.24230831, 0.25000000, 0.24230831, 0.22062423, 0.18870990, 0.15163266, 0.11445834, 0.08116312},
  {0.07866599, 0.11093683, 0.14696742, 0.18290391, 0.21383633, 0.23485327, 0.24230831, 0.23485327, 0.21383633, 0.18290391, 0.14696742, 0.11093683, 0.07866599}};

float g16_3_15[3][15] =
 {{0.05240285, 0.07866599, 0.11093683, 0.14696742, 0.18290391, 0.21383633, 0.23485327, 0.24230831, 0.23485327, 0.21383633, 0.18290391, 0.14696742, 0.11093683, 0.07866599, 0.05240285},
  {0.05406629, 0.08116312, 0.11445834, 0.15163266, 0.18870990, 0.22062423, 0.24230831, 0.25000000, 0.24230831, 0.22062423, 0.18870990, 0.15163266, 0.11445834, 0.08116312, 0.05406629},
  {0.05240285, 0.07866599, 0.11093683, 0.14696742, 0.18290391, 0.21383633, 0.23485327, 0.24230831, 0.23485327, 0.21383633, 0.18290391, 0.14696742, 0.11093683, 0.07866599, 0.05240285}};

float g16_5_1[5][1] =
 {{0.22062423},
  {0.24230831},
  {0.25000000},
  {0.24230831},
  {0.22062423}};

float g16_5_3[5][3] =
 {{0.21383633, 0.22062423, 0.21383633},
  {0.23485327, 0.24230831, 0.23485327},
  {0.24230831, 0.25000000, 0.24230831},
  {0.23485327, 0.24230831, 0.23485327},
  {0.21383633, 0.22062423, 0.21383633}};

float g16_5_5[5][5] =
 {{0.19470020, 0.21383633, 0.22062423, 0.21383633, 0.19470020},
  {0.21383633, 0.23485327, 0.24230831, 0.23485327, 0.21383633},
  {0.22062423, 0.24230831, 0.25000000, 0.24230831, 0.22062423},
  {0.21383633, 0.23485327, 0.24230831, 0.23485327, 0.21383633},
  {0.19470020, 0.21383633, 0.22062423, 0.21383633, 0.19470020}};

float g16_5_7[5][7] =
 {{0.16653590, 0.19470020, 0.21383633, 0.22062423, 0.21383633, 0.19470020, 0.16653590},
  {0.18290391, 0.21383633, 0.23485327, 0.24230831, 0.23485327, 0.21383633, 0.18290391},
  {0.18870990, 0.22062423, 0.24230831, 0.25000000, 0.24230831, 0.22062423, 0.18870990},
  {0.18290391, 0.21383633, 0.23485327, 0.24230831, 0.23485327, 0.21383633, 0.18290391},
  {0.16653590, 0.19470020, 0.21383633, 0.22062423, 0.21383633, 0.19470020, 0.16653590}};

float g16_5_9[5][9] =
 {{0.13381536, 0.16653590, 0.19470020, 0.21383633, 0.22062423, 0.21383633, 0.19470020, 0.16653590, 0.13381536},
  {0.14696742, 0.18290391, 0.21383633, 0.23485327, 0.24230831, 0.23485327, 0.21383633, 0.18290391, 0.14696742},
  {0.15163266, 0.18870990, 0.22062423, 0.24230831, 0.25000000, 0.24230831, 0.22062423, 0.18870990, 0.15163266},
  {0.14696742, 0.18290391, 0.21383633, 0.23485327, 0.24230831, 0.23485327, 0.21383633, 0.18290391, 0.14696742},
  {0.13381536, 0.16653590, 0.19470020, 0.21383633, 0.22062423, 0.21383633, 0.19470020, 0.16653590, 0.13381536}};

float g16_5_11[5][11] =
 {{0.10100913, 0.13381536, 0.16653590, 0.19470020, 0.21383633, 0.22062423, 0.21383633, 0.19470020, 0.16653590, 0.13381536, 0.10100913},
  {0.11093683, 0.14696742, 0.18290391, 0.21383633, 0.23485327, 0.24230831, 0.23485327, 0.21383633, 0.18290391, 0.14696742, 0.11093683},
  {0.11445834, 0.15163266, 0.18870990, 0.22062423, 0.24230831, 0.25000000, 0.24230831, 0.22062423, 0.18870990, 0.15163266, 0.11445834},
  {0.11093683, 0.14696742, 0.18290391, 0.21383633, 0.23485327, 0.24230831, 0.23485327, 0.21383633, 0.18290391, 0.14696742, 0.11093683},
  {0.10100913, 0.13381536, 0.16653590, 0.19470020, 0.21383633, 0.22062423, 0.21383633, 0.19470020, 0.16653590, 0.13381536, 0.10100913}};

float g16_5_13[5][13] =
 {{0.07162620, 0.10100913, 0.13381536, 0.16653590, 0.19470020, 0.21383633, 0.22062423, 0.21383633, 0.19470020, 0.16653590, 0.13381536, 0.10100913, 0.07162620},
  {0.07866599, 0.11093683, 0.14696742, 0.18290391, 0.21383633, 0.23485327, 0.24230831, 0.23485327, 0.21383633, 0.18290391, 0.14696742, 0.11093683, 0.07866599},
  {0.08116312, 0.11445834, 0.15163266, 0.18870990, 0.22062423, 0.24230831, 0.25000000, 0.24230831, 0.22062423, 0.18870990, 0.15163266, 0.11445834, 0.08116312},
  {0.07866599, 0.11093683, 0.14696742, 0.18290391, 0.21383633, 0.23485327, 0.24230831, 0.23485327, 0.21383633, 0.18290391, 0.14696742, 0.11093683, 0.07866599},
  {0.07162620, 0.10100913, 0.13381536, 0.16653590, 0.19470020, 0.21383633, 0.22062423, 0.21383633, 0.19470020, 0.16653590, 0.13381536, 0.10100913, 0.07162620}};

float g16_5_15[5][15] =
 {{0.04771333, 0.07162620, 0.10100913, 0.13381536, 0.16653590, 0.19470020, 0.21383633, 0.22062423, 0.21383633, 0.19470020, 0.16653590, 0.13381536, 0.10100913, 0.07162620, 0.04771333},
  {0.05240285, 0.07866599, 0.11093683, 0.14696742, 0.18290391, 0.21383633, 0.23485327, 0.24230831, 0.23485327, 0.21383633, 0.18290391, 0.14696742, 0.11093683, 0.07866599, 0.05240285},
  {0.05406629, 0.08116312, 0.11445834, 0.15163266, 0.18870990, 0.22062423, 0.24230831, 0.25000000, 0.24230831, 0.22062423, 0.18870990, 0.15163266, 0.11445834, 0.08116312, 0.05406629},
  {0.05240285, 0.07866599, 0.11093683, 0.14696742, 0.18290391, 0.21383633, 0.23485327, 0.24230831, 0.23485327, 0.21383633, 0.18290391, 0.14696742, 0.11093683, 0.07866599, 0.05240285},
  {0.04771333, 0.07162620, 0.10100913, 0.13381536, 0.16653590, 0.19470020, 0.21383633, 0.22062423, 0.21383633, 0.19470020, 0.16653590, 0.13381536, 0.10100913, 0.07162620, 0.04771333}};

float g16_7_1[7][1] =
 {{0.18870990},
  {0.22062423},
  {0.24230831},
  {0.25000000},
  {0.24230831},
  {0.22062423},
  {0.18870990}};

float g16_7_3[7][3] =
 {{0.18290391, 0.18870990, 0.18290391},
  {0.21383633, 0.22062423, 0.21383633},
  {0.23485327, 0.24230831, 0.23485327},
  {0.24230831, 0.25000000, 0.24230831},
  {0.23485327, 0.24230831, 0.23485327},
  {0.21383633, 0.22062423, 0.21383633},
  {0.18290391, 0.18870990, 0.18290391}};

float g16_7_5[7][5] =
 {{0.16653590, 0.18290391, 0.18870990, 0.18290391, 0.16653590},
  {0.19470020, 0.21383633, 0.22062423, 0.21383633, 0.19470020},
  {0.21383633, 0.23485327, 0.24230831, 0.23485327, 0.21383633},
  {0.22062423, 0.24230831, 0.25000000, 0.24230831, 0.22062423},
  {0.21383633, 0.23485327, 0.24230831, 0.23485327, 0.21383633},
  {0.19470020, 0.21383633, 0.22062423, 0.21383633, 0.19470020},
  {0.16653590, 0.18290391, 0.18870990, 0.18290391, 0.16653590}};

/*	float gaussian[7][7] = {{0.05682761, 0.06643821, 0.0729681, 0.07528436, 0.0729681, 0.06643821, 0.05682761},
							{0.06643821, 0.07767414, 0.08530835, 0.08801633, 0.08530835, 0.07767414, 0.06643821},
							{0.0729681, 0.08530835, 0.0936939, 0.09666703, 0.0936939, 0.08530835, 0.0729681},
							{0.07528436, 0.08801633, 0.09666703, 0.09973557, 0.09666703, 0.0880163, 0.07528436},
							{0.0729681, 0.08530835, 0.0936939, 0.09666703, 0.0936939, 0.08530835, 0.0729681},
							{0.06643821, 0.07767414, 0.08530835, 0.08801633, 0.08530835, 0.07767414, 0.06643821},
							{0.05682761, 0.06643821, 0.0729681, 0.07528436, 0.0729681, 0.06643821, 0.05682761}};
*/

float g16_7_7[7][7] =
 {{0.14244571, 0.16653590, 0.18290391, 0.18870990, 0.18290391, 0.16653590, 0.14244571},
  {0.16653590, 0.19470020, 0.21383633, 0.22062423, 0.21383633, 0.19470020, 0.16653590},
  {0.18290391, 0.21383633, 0.23485327, 0.24230831, 0.23485327, 0.21383633, 0.18290391},
  {0.18870990, 0.22062423, 0.24230831, 0.25000000, 0.24230831, 0.22062423, 0.18870990},
  {0.18290391, 0.21383633, 0.23485327, 0.24230831, 0.23485327, 0.21383633, 0.18290391},
  {0.16653590, 0.19470020, 0.21383633, 0.22062423, 0.21383633, 0.19470020, 0.16653590},
  {0.14244571, 0.16653590, 0.18290391, 0.18870990, 0.18290391, 0.16653590, 0.14244571}};

float g16_7_9[7][9] =
 {{0.11445834, 0.14244571, 0.16653590, 0.18290391, 0.18870990, 0.18290391, 0.16653590, 0.14244571, 0.11445834},
  {0.13381536, 0.16653590, 0.19470020, 0.21383633, 0.22062423, 0.21383633, 0.19470020, 0.16653590, 0.13381536},
  {0.14696742, 0.18290391, 0.21383633, 0.23485327, 0.24230831, 0.23485327, 0.21383633, 0.18290391, 0.14696742},
  {0.15163266, 0.18870990, 0.22062423, 0.24230831, 0.25000000, 0.24230831, 0.22062423, 0.18870990, 0.15163266},
  {0.14696742, 0.18290391, 0.21383633, 0.23485327, 0.24230831, 0.23485327, 0.21383633, 0.18290391, 0.14696742},
  {0.13381536, 0.16653590, 0.19470020, 0.21383633, 0.22062423, 0.21383633, 0.19470020, 0.16653590, 0.13381536},
  {0.11445834, 0.14244571, 0.16653590, 0.18290391, 0.18870990, 0.18290391, 0.16653590, 0.14244571, 0.11445834}};

float g16_7_11[7][11] =
 {{0.08639769, 0.11445834, 0.14244571, 0.16653590, 0.18290391, 0.18870990, 0.18290391, 0.16653590, 0.14244571, 0.11445834, 0.08639769},
  {0.10100913, 0.13381536, 0.16653590, 0.19470020, 0.21383633, 0.22062423, 0.21383633, 0.19470020, 0.16653590, 0.13381536, 0.10100913},
  {0.11093683, 0.14696742, 0.18290391, 0.21383633, 0.23485327, 0.24230831, 0.23485327, 0.21383633, 0.18290391, 0.14696742, 0.11093683},
  {0.11445834, 0.15163266, 0.18870990, 0.22062423, 0.24230831, 0.25000000, 0.24230831, 0.22062423, 0.18870990, 0.15163266, 0.11445834},
  {0.11093683, 0.14696742, 0.18290391, 0.21383633, 0.23485327, 0.24230831, 0.23485327, 0.21383633, 0.18290391, 0.14696742, 0.11093683},
  {0.10100913, 0.13381536, 0.16653590, 0.19470020, 0.21383633, 0.22062423, 0.21383633, 0.19470020, 0.16653590, 0.13381536, 0.10100913},
  {0.08639769, 0.11445834, 0.14244571, 0.16653590, 0.18290391, 0.18870990, 0.18290391, 0.16653590, 0.14244571, 0.11445834, 0.08639769}};

float g16_7_13[7][13] =
 {{0.06126513, 0.08639769, 0.11445834, 0.14244571, 0.16653590, 0.18290391, 0.18870990, 0.18290391, 0.16653590, 0.14244571, 0.11445834, 0.08639769, 0.06126513},
  {0.07162620, 0.10100913, 0.13381536, 0.16653590, 0.19470020, 0.21383633, 0.22062423, 0.21383633, 0.19470020, 0.16653590, 0.13381536, 0.10100913, 0.07162620},
  {0.07866599, 0.11093683, 0.14696742, 0.18290391, 0.21383633, 0.23485327, 0.24230831, 0.23485327, 0.21383633, 0.18290391, 0.14696742, 0.11093683, 0.07866599},
  {0.08116312, 0.11445834, 0.15163266, 0.18870990, 0.22062423, 0.24230831, 0.25000000, 0.24230831, 0.22062423, 0.18870990, 0.15163266, 0.11445834, 0.08116312},
  {0.07866599, 0.11093683, 0.14696742, 0.18290391, 0.21383633, 0.23485327, 0.24230831, 0.23485327, 0.21383633, 0.18290391, 0.14696742, 0.11093683, 0.07866599},
  {0.07162620, 0.10100913, 0.13381536, 0.16653590, 0.19470020, 0.21383633, 0.22062423, 0.21383633, 0.19470020, 0.16653590, 0.13381536, 0.10100913, 0.07162620},
  {0.06126513, 0.08639769, 0.11445834, 0.14244571, 0.16653590, 0.18290391, 0.18870990, 0.18290391, 0.16653590, 0.14244571, 0.11445834, 0.08639769, 0.06126513}};

float g16_7_15[7][15] =
 {{0.04081138, 0.06126513, 0.08639769, 0.11445834, 0.14244571, 0.16653590, 0.18290391, 0.18870990, 0.18290391, 0.16653590, 0.14244571, 0.11445834, 0.08639769, 0.06126513, 0.04081138},
  {0.04771333, 0.07162620, 0.10100913, 0.13381536, 0.16653590, 0.19470020, 0.21383633, 0.22062423, 0.21383633, 0.19470020, 0.16653590, 0.13381536, 0.10100913, 0.07162620, 0.04771333},
  {0.05240285, 0.07866599, 0.11093683, 0.14696742, 0.18290391, 0.21383633, 0.23485327, 0.24230831, 0.23485327, 0.21383633, 0.18290391, 0.14696742, 0.11093683, 0.07866599, 0.05240285},
  {0.05406629, 0.08116312, 0.11445834, 0.15163266, 0.18870990, 0.22062423, 0.24230831, 0.25000000, 0.24230831, 0.22062423, 0.18870990, 0.15163266, 0.11445834, 0.08116312, 0.05406629},
  {0.05240285, 0.07866599, 0.11093683, 0.14696742, 0.18290391, 0.21383633, 0.23485327, 0.24230831, 0.23485327, 0.21383633, 0.18290391, 0.14696742, 0.11093683, 0.07866599, 0.05240285},
  {0.04771333, 0.07162620, 0.10100913, 0.13381536, 0.16653590, 0.19470020, 0.21383633, 0.22062423, 0.21383633, 0.19470020, 0.16653590, 0.13381536, 0.10100913, 0.07162620, 0.04771333},
  {0.04081138, 0.06126513, 0.08639769, 0.11445834, 0.14244571, 0.16653590, 0.18290391, 0.18870990, 0.18290391, 0.16653590, 0.14244571, 0.11445834, 0.08639769, 0.06126513, 0.04081138}};

float g16_9_1[9][1] =
 {{0.15163266},
  {0.18870990},
  {0.22062423},
  {0.24230831},
  {0.25000000},
  {0.24230831},
  {0.22062423},
  {0.18870990},
  {0.15163266}};

float g16_9_3[9][3] =
 {{0.14696742, 0.15163266, 0.14696742},
  {0.18290391, 0.18870990, 0.18290391},
  {0.21383633, 0.22062423, 0.21383633},
  {0.23485327, 0.24230831, 0.23485327},
  {0.24230831, 0.25000000, 0.24230831},
  {0.23485327, 0.24230831, 0.23485327},
  {0.21383633, 0.22062423, 0.21383633},
  {0.18290391, 0.18870990, 0.18290391},
  {0.14696742, 0.15163266, 0.14696742}};

float g16_9_5[9][5] =
 {{0.13381536, 0.14696742, 0.15163266, 0.14696742, 0.13381536},
  {0.16653590, 0.18290391, 0.18870990, 0.18290391, 0.16653590},
  {0.19470020, 0.21383633, 0.22062423, 0.21383633, 0.19470020},
  {0.21383633, 0.23485327, 0.24230831, 0.23485327, 0.21383633},
  {0.22062423, 0.24230831, 0.25000000, 0.24230831, 0.22062423},
  {0.21383633, 0.23485327, 0.24230831, 0.23485327, 0.21383633},
  {0.19470020, 0.21383633, 0.22062423, 0.21383633, 0.19470020},
  {0.16653590, 0.18290391, 0.18870990, 0.18290391, 0.16653590},
  {0.13381536, 0.14696742, 0.15163266, 0.14696742, 0.13381536}};

float g16_9_7[9][7] =
 {{0.11445834, 0.13381536, 0.14696742, 0.15163266, 0.14696742, 0.13381536, 0.11445834},
  {0.14244571, 0.16653590, 0.18290391, 0.18870990, 0.18290391, 0.16653590, 0.14244571},
  {0.16653590, 0.19470020, 0.21383633, 0.22062423, 0.21383633, 0.19470020, 0.16653590},
  {0.18290391, 0.21383633, 0.23485327, 0.24230831, 0.23485327, 0.21383633, 0.18290391},
  {0.18870990, 0.22062423, 0.24230831, 0.25000000, 0.24230831, 0.22062423, 0.18870990},
  {0.18290391, 0.21383633, 0.23485327, 0.24230831, 0.23485327, 0.21383633, 0.18290391},
  {0.16653590, 0.19470020, 0.21383633, 0.22062423, 0.21383633, 0.19470020, 0.16653590},
  {0.14244571, 0.16653590, 0.18290391, 0.18870990, 0.18290391, 0.16653590, 0.14244571},
  {0.11445834, 0.13381536, 0.14696742, 0.15163266, 0.14696742, 0.13381536, 0.11445834}};

float g16_9_9[9][9] =
 {{0.09196986, 0.11445834, 0.13381536, 0.14696742, 0.15163266, 0.14696742, 0.13381536, 0.11445834, 0.09196986},
  {0.11445834, 0.14244571, 0.16653590, 0.18290391, 0.18870990, 0.18290391, 0.16653590, 0.14244571, 0.11445834},
  {0.13381536, 0.16653590, 0.19470020, 0.21383633, 0.22062423, 0.21383633, 0.19470020, 0.16653590, 0.13381536},
  {0.14696742, 0.18290391, 0.21383633, 0.23485327, 0.24230831, 0.23485327, 0.21383633, 0.18290391, 0.14696742},
  {0.15163266, 0.18870990, 0.22062423, 0.24230831, 0.25000000, 0.24230831, 0.22062423, 0.18870990, 0.15163266},
  {0.14696742, 0.18290391, 0.21383633, 0.23485327, 0.24230831, 0.23485327, 0.21383633, 0.18290391, 0.14696742},
  {0.13381536, 0.16653590, 0.19470020, 0.21383633, 0.22062423, 0.21383633, 0.19470020, 0.16653590, 0.13381536},
  {0.11445834, 0.14244571, 0.16653590, 0.18290391, 0.18870990, 0.18290391, 0.16653590, 0.14244571, 0.11445834},
  {0.09196986, 0.11445834, 0.13381536, 0.14696742, 0.15163266, 0.14696742, 0.13381536, 0.11445834, 0.09196986}};

float g16_9_11[9][11] =
 {{0.06942249, 0.09196986, 0.11445834, 0.13381536, 0.14696742, 0.15163266, 0.14696742, 0.13381536, 0.11445834, 0.09196986, 0.06942249},
  {0.08639769, 0.11445834, 0.14244571, 0.16653590, 0.18290391, 0.18870990, 0.18290391, 0.16653590, 0.14244571, 0.11445834, 0.08639769},
  {0.10100913, 0.13381536, 0.16653590, 0.19470020, 0.21383633, 0.22062423, 0.21383633, 0.19470020, 0.16653590, 0.13381536, 0.10100913},
  {0.11093683, 0.14696742, 0.18290391, 0.21383633, 0.23485327, 0.24230831, 0.23485327, 0.21383633, 0.18290391, 0.14696742, 0.11093683},
  {0.11445834, 0.15163266, 0.18870990, 0.22062423, 0.24230831, 0.25000000, 0.24230831, 0.22062423, 0.18870990, 0.15163266, 0.11445834},
  {0.11093683, 0.14696742, 0.18290391, 0.21383633, 0.23485327, 0.24230831, 0.23485327, 0.21383633, 0.18290391, 0.14696742, 0.11093683},
  {0.10100913, 0.13381536, 0.16653590, 0.19470020, 0.21383633, 0.22062423, 0.21383633, 0.19470020, 0.16653590, 0.13381536, 0.10100913},
  {0.08639769, 0.11445834, 0.14244571, 0.16653590, 0.18290391, 0.18870990, 0.18290391, 0.16653590, 0.14244571, 0.11445834, 0.08639769},
  {0.06942249, 0.09196986, 0.11445834, 0.13381536, 0.14696742, 0.15163266, 0.14696742, 0.13381536, 0.11445834, 0.09196986, 0.06942249}};

float g16_9_13[9][13] =
 {{0.04922792, 0.06942249, 0.09196986, 0.11445834, 0.13381536, 0.14696742, 0.15163266, 0.14696742, 0.13381536, 0.11445834, 0.09196986, 0.06942249, 0.04922792},
  {0.06126513, 0.08639769, 0.11445834, 0.14244571, 0.16653590, 0.18290391, 0.18870990, 0.18290391, 0.16653590, 0.14244571, 0.11445834, 0.08639769, 0.06126513},
  {0.07162620, 0.10100913, 0.13381536, 0.16653590, 0.19470020, 0.21383633, 0.22062423, 0.21383633, 0.19470020, 0.16653590, 0.13381536, 0.10100913, 0.07162620},
  {0.07866599, 0.11093683, 0.14696742, 0.18290391, 0.21383633, 0.23485327, 0.24230831, 0.23485327, 0.21383633, 0.18290391, 0.14696742, 0.11093683, 0.07866599},
  {0.08116312, 0.11445834, 0.15163266, 0.18870990, 0.22062423, 0.24230831, 0.25000000, 0.24230831, 0.22062423, 0.18870990, 0.15163266, 0.11445834, 0.08116312},
  {0.07866599, 0.11093683, 0.14696742, 0.18290391, 0.21383633, 0.23485327, 0.24230831, 0.23485327, 0.21383633, 0.18290391, 0.14696742, 0.11093683, 0.07866599},
  {0.07162620, 0.10100913, 0.13381536, 0.16653590, 0.19470020, 0.21383633, 0.22062423, 0.21383633, 0.19470020, 0.16653590, 0.13381536, 0.10100913, 0.07162620},
  {0.06126513, 0.08639769, 0.11445834, 0.14244571, 0.16653590, 0.18290391, 0.18870990, 0.18290391, 0.16653590, 0.14244571, 0.11445834, 0.08639769, 0.06126513},
  {0.04922792, 0.06942249, 0.09196986, 0.11445834, 0.13381536, 0.14696742, 0.15163266, 0.14696742, 0.13381536, 0.11445834, 0.09196986, 0.06942249, 0.04922792}};

float g16_9_15[9][15] =
 {{0.03279286, 0.04922792, 0.06942249, 0.09196986, 0.11445834, 0.13381536, 0.14696742, 0.15163266, 0.14696742, 0.13381536, 0.11445834, 0.09196986, 0.06942249, 0.04922792, 0.03279286},
  {0.04081138, 0.06126513, 0.08639769, 0.11445834, 0.14244571, 0.16653590, 0.18290391, 0.18870990, 0.18290391, 0.16653590, 0.14244571, 0.11445834, 0.08639769, 0.06126513, 0.04081138},
  {0.04771333, 0.07162620, 0.10100913, 0.13381536, 0.16653590, 0.19470020, 0.21383633, 0.22062423, 0.21383633, 0.19470020, 0.16653590, 0.13381536, 0.10100913, 0.07162620, 0.04771333},
  {0.05240285, 0.07866599, 0.11093683, 0.14696742, 0.18290391, 0.21383633, 0.23485327, 0.24230831, 0.23485327, 0.21383633, 0.18290391, 0.14696742, 0.11093683, 0.07866599, 0.05240285},
  {0.05406629, 0.08116312, 0.11445834, 0.15163266, 0.18870990, 0.22062423, 0.24230831, 0.25000000, 0.24230831, 0.22062423, 0.18870990, 0.15163266, 0.11445834, 0.08116312, 0.05406629},
  {0.05240285, 0.07866599, 0.11093683, 0.14696742, 0.18290391, 0.21383633, 0.23485327, 0.24230831, 0.23485327, 0.21383633, 0.18290391, 0.14696742, 0.11093683, 0.07866599, 0.05240285},
  {0.04771333, 0.07162620, 0.10100913, 0.13381536, 0.16653590, 0.19470020, 0.21383633, 0.22062423, 0.21383633, 0.19470020, 0.16653590, 0.13381536, 0.10100913, 0.07162620, 0.04771333},
  {0.04081138, 0.06126513, 0.08639769, 0.11445834, 0.14244571, 0.16653590, 0.18290391, 0.18870990, 0.18290391, 0.16653590, 0.14244571, 0.11445834, 0.08639769, 0.06126513, 0.04081138},
  {0.03279286, 0.04922792, 0.06942249, 0.09196986, 0.11445834, 0.13381536, 0.14696742, 0.15163266, 0.14696742, 0.13381536, 0.11445834, 0.09196986, 0.06942249, 0.04922792, 0.03279286}};

float g16_11_1[11][1] =
 {{0.11445834},
  {0.15163266},
  {0.18870990},
  {0.22062423},
  {0.24230831},
  {0.25000000},
  {0.24230831},
  {0.22062423},
  {0.18870990},
  {0.15163266},
  {0.11445834}};

float g16_11_3[11][3] =
 {{0.11093683, 0.11445834, 0.11093683},
  {0.14696742, 0.15163266, 0.14696742},
  {0.18290391, 0.18870990, 0.18290391},
  {0.21383633, 0.22062423, 0.21383633},
  {0.23485327, 0.24230831, 0.23485327},
  {0.24230831, 0.25000000, 0.24230831},
  {0.23485327, 0.24230831, 0.23485327},
  {0.21383633, 0.22062423, 0.21383633},
  {0.18290391, 0.18870990, 0.18290391},
  {0.14696742, 0.15163266, 0.14696742},
  {0.11093683, 0.11445834, 0.11093683}};

float g16_11_5[11][5] =
 {{0.10100913, 0.11093683, 0.11445834, 0.11093683, 0.10100913},
  {0.13381536, 0.14696742, 0.15163266, 0.14696742, 0.13381536},
  {0.16653590, 0.18290391, 0.18870990, 0.18290391, 0.16653590},
  {0.19470020, 0.21383633, 0.22062423, 0.21383633, 0.19470020},
  {0.21383633, 0.23485327, 0.24230831, 0.23485327, 0.21383633},
  {0.22062423, 0.24230831, 0.25000000, 0.24230831, 0.22062423},
  {0.21383633, 0.23485327, 0.24230831, 0.23485327, 0.21383633},
  {0.19470020, 0.21383633, 0.22062423, 0.21383633, 0.19470020},
  {0.16653590, 0.18290391, 0.18870990, 0.18290391, 0.16653590},
  {0.13381536, 0.14696742, 0.15163266, 0.14696742, 0.13381536},
  {0.10100913, 0.11093683, 0.11445834, 0.11093683, 0.10100913}};

float g16_11_7[11][7] =
 {{0.08639769, 0.10100913, 0.11093683, 0.11445834, 0.11093683, 0.10100913, 0.08639769},
  {0.11445834, 0.13381536, 0.14696742, 0.15163266, 0.14696742, 0.13381536, 0.11445834},
  {0.14244571, 0.16653590, 0.18290391, 0.18870990, 0.18290391, 0.16653590, 0.14244571},
  {0.16653590, 0.19470020, 0.21383633, 0.22062423, 0.21383633, 0.19470020, 0.16653590},
  {0.18290391, 0.21383633, 0.23485327, 0.24230831, 0.23485327, 0.21383633, 0.18290391},
  {0.18870990, 0.22062423, 0.24230831, 0.25000000, 0.24230831, 0.22062423, 0.18870990},
  {0.18290391, 0.21383633, 0.23485327, 0.24230831, 0.23485327, 0.21383633, 0.18290391},
  {0.16653590, 0.19470020, 0.21383633, 0.22062423, 0.21383633, 0.19470020, 0.16653590},
  {0.14244571, 0.16653590, 0.18290391, 0.18870990, 0.18290391, 0.16653590, 0.14244571},
  {0.11445834, 0.13381536, 0.14696742, 0.15163266, 0.14696742, 0.13381536, 0.11445834},
  {0.08639769, 0.10100913, 0.11093683, 0.11445834, 0.11093683, 0.10100913, 0.08639769}};

float g16_11_9[11][9] =
 {{0.06942249, 0.08639769, 0.10100913, 0.11093683, 0.11445834, 0.11093683, 0.10100913, 0.08639769, 0.06942249},
  {0.09196986, 0.11445834, 0.13381536, 0.14696742, 0.15163266, 0.14696742, 0.13381536, 0.11445834, 0.09196986},
  {0.11445834, 0.14244571, 0.16653590, 0.18290391, 0.18870990, 0.18290391, 0.16653590, 0.14244571, 0.11445834},
  {0.13381536, 0.16653590, 0.19470020, 0.21383633, 0.22062423, 0.21383633, 0.19470020, 0.16653590, 0.13381536},
  {0.14696742, 0.18290391, 0.21383633, 0.23485327, 0.24230831, 0.23485327, 0.21383633, 0.18290391, 0.14696742},
  {0.15163266, 0.18870990, 0.22062423, 0.24230831, 0.25000000, 0.24230831, 0.22062423, 0.18870990, 0.15163266},
  {0.14696742, 0.18290391, 0.21383633, 0.23485327, 0.24230831, 0.23485327, 0.21383633, 0.18290391, 0.14696742},
  {0.13381536, 0.16653590, 0.19470020, 0.21383633, 0.22062423, 0.21383633, 0.19470020, 0.16653590, 0.13381536},
  {0.11445834, 0.14244571, 0.16653590, 0.18290391, 0.18870990, 0.18290391, 0.16653590, 0.14244571, 0.11445834},
  {0.09196986, 0.11445834, 0.13381536, 0.14696742, 0.15163266, 0.14696742, 0.13381536, 0.11445834, 0.09196986},
  {0.06942249, 0.08639769, 0.10100913, 0.11093683, 0.11445834, 0.11093683, 0.10100913, 0.08639769, 0.06942249}};

float g16_11_11[11][11] =
 {{0.05240285, 0.06942249, 0.08639769, 0.10100913, 0.11093683, 0.11445834, 0.11093683, 0.10100913, 0.08639769, 0.06942249, 0.05240285},
  {0.06942249, 0.09196986, 0.11445834, 0.13381536, 0.14696742, 0.15163266, 0.14696742, 0.13381536, 0.11445834, 0.09196986, 0.06942249},
  {0.08639769, 0.11445834, 0.14244571, 0.16653590, 0.18290391, 0.18870990, 0.18290391, 0.16653590, 0.14244571, 0.11445834, 0.08639769},
  {0.10100913, 0.13381536, 0.16653590, 0.19470020, 0.21383633, 0.22062423, 0.21383633, 0.19470020, 0.16653590, 0.13381536, 0.10100913},
  {0.11093683, 0.14696742, 0.18290391, 0.21383633, 0.23485327, 0.24230831, 0.23485327, 0.21383633, 0.18290391, 0.14696742, 0.11093683},
  {0.11445834, 0.15163266, 0.18870990, 0.22062423, 0.24230831, 0.25000000, 0.24230831, 0.22062423, 0.18870990, 0.15163266, 0.11445834},
  {0.11093683, 0.14696742, 0.18290391, 0.21383633, 0.23485327, 0.24230831, 0.23485327, 0.21383633, 0.18290391, 0.14696742, 0.11093683},
  {0.10100913, 0.13381536, 0.16653590, 0.19470020, 0.21383633, 0.22062423, 0.21383633, 0.19470020, 0.16653590, 0.13381536, 0.10100913},
  {0.08639769, 0.11445834, 0.14244571, 0.16653590, 0.18290391, 0.18870990, 0.18290391, 0.16653590, 0.14244571, 0.11445834, 0.08639769},
  {0.06942249, 0.09196986, 0.11445834, 0.13381536, 0.14696742, 0.15163266, 0.14696742, 0.13381536, 0.11445834, 0.09196986, 0.06942249},
  {0.05240285, 0.06942249, 0.08639769, 0.10100913, 0.11093683, 0.11445834, 0.11093683, 0.10100913, 0.08639769, 0.06942249, 0.05240285}};

float g16_11_13[11][13] =
 {{0.03715918, 0.05240285, 0.06942249, 0.08639769, 0.10100913, 0.11093683, 0.11445834, 0.11093683, 0.10100913, 0.08639769, 0.06942249, 0.05240285, 0.03715918},
  {0.04922792, 0.06942249, 0.09196986, 0.11445834, 0.13381536, 0.14696742, 0.15163266, 0.14696742, 0.13381536, 0.11445834, 0.09196986, 0.06942249, 0.04922792},
  {0.06126513, 0.08639769, 0.11445834, 0.14244571, 0.16653590, 0.18290391, 0.18870990, 0.18290391, 0.16653590, 0.14244571, 0.11445834, 0.08639769, 0.06126513},
  {0.07162620, 0.10100913, 0.13381536, 0.16653590, 0.19470020, 0.21383633, 0.22062423, 0.21383633, 0.19470020, 0.16653590, 0.13381536, 0.10100913, 0.07162620},
  {0.07866599, 0.11093683, 0.14696742, 0.18290391, 0.21383633, 0.23485327, 0.24230831, 0.23485327, 0.21383633, 0.18290391, 0.14696742, 0.11093683, 0.07866599},
  {0.08116312, 0.11445834, 0.15163266, 0.18870990, 0.22062423, 0.24230831, 0.25000000, 0.24230831, 0.22062423, 0.18870990, 0.15163266, 0.11445834, 0.08116312},
  {0.07866599, 0.11093683, 0.14696742, 0.18290391, 0.21383633, 0.23485327, 0.24230831, 0.23485327, 0.21383633, 0.18290391, 0.14696742, 0.11093683, 0.07866599},
  {0.07162620, 0.10100913, 0.13381536, 0.16653590, 0.19470020, 0.21383633, 0.22062423, 0.21383633, 0.19470020, 0.16653590, 0.13381536, 0.10100913, 0.07162620},
  {0.06126513, 0.08639769, 0.11445834, 0.14244571, 0.16653590, 0.18290391, 0.18870990, 0.18290391, 0.16653590, 0.14244571, 0.11445834, 0.08639769, 0.06126513},
  {0.04922792, 0.06942249, 0.09196986, 0.11445834, 0.13381536, 0.14696742, 0.15163266, 0.14696742, 0.13381536, 0.11445834, 0.09196986, 0.06942249, 0.04922792},
  {0.03715918, 0.05240285, 0.06942249, 0.08639769, 0.10100913, 0.11093683, 0.11445834, 0.11093683, 0.10100913, 0.08639769, 0.06942249, 0.05240285, 0.03715918}};

float g16_11_15[11][15] =
 {{0.02475335, 0.03715918, 0.05240285, 0.06942249, 0.08639769, 0.10100913, 0.11093683, 0.11445834, 0.11093683, 0.10100913, 0.08639769, 0.06942249, 0.05240285, 0.03715918, 0.02475335},
  {0.03279286, 0.04922792, 0.06942249, 0.09196986, 0.11445834, 0.13381536, 0.14696742, 0.15163266, 0.14696742, 0.13381536, 0.11445834, 0.09196986, 0.06942249, 0.04922792, 0.03279286},
  {0.04081138, 0.06126513, 0.08639769, 0.11445834, 0.14244571, 0.16653590, 0.18290391, 0.18870990, 0.18290391, 0.16653590, 0.14244571, 0.11445834, 0.08639769, 0.06126513, 0.04081138},
  {0.04771333, 0.07162620, 0.10100913, 0.13381536, 0.16653590, 0.19470020, 0.21383633, 0.22062423, 0.21383633, 0.19470020, 0.16653590, 0.13381536, 0.10100913, 0.07162620, 0.04771333},
  {0.05240285, 0.07866599, 0.11093683, 0.14696742, 0.18290391, 0.21383633, 0.23485327, 0.24230831, 0.23485327, 0.21383633, 0.18290391, 0.14696742, 0.11093683, 0.07866599, 0.05240285},
  {0.05406629, 0.08116312, 0.11445834, 0.15163266, 0.18870990, 0.22062423, 0.24230831, 0.25000000, 0.24230831, 0.22062423, 0.18870990, 0.15163266, 0.11445834, 0.08116312, 0.05406629},
  {0.05240285, 0.07866599, 0.11093683, 0.14696742, 0.18290391, 0.21383633, 0.23485327, 0.24230831, 0.23485327, 0.21383633, 0.18290391, 0.14696742, 0.11093683, 0.07866599, 0.05240285},
  {0.04771333, 0.07162620, 0.10100913, 0.13381536, 0.16653590, 0.19470020, 0.21383633, 0.22062423, 0.21383633, 0.19470020, 0.16653590, 0.13381536, 0.10100913, 0.07162620, 0.04771333},
  {0.04081138, 0.06126513, 0.08639769, 0.11445834, 0.14244571, 0.16653590, 0.18290391, 0.18870990, 0.18290391, 0.16653590, 0.14244571, 0.11445834, 0.08639769, 0.06126513, 0.04081138},
  {0.03279286, 0.04922792, 0.06942249, 0.09196986, 0.11445834, 0.13381536, 0.14696742, 0.15163266, 0.14696742, 0.13381536, 0.11445834, 0.09196986, 0.06942249, 0.04922792, 0.03279286},
  {0.02475335, 0.03715918, 0.05240285, 0.06942249, 0.08639769, 0.10100913, 0.11093683, 0.11445834, 0.11093683, 0.10100913, 0.08639769, 0.06942249, 0.05240285, 0.03715918, 0.02475335}};

float g16_13_1[13][1] =
 {{0.08116312},
  {0.11445834},
  {0.15163266},
  {0.18870990},
  {0.22062423},
  {0.24230831},
  {0.25000000},
  {0.24230831},
  {0.22062423},
  {0.18870990},
  {0.15163266},
  {0.11445834},
  {0.08116312}};

float g16_13_3[13][3] =
 {{0.07866599, 0.08116312, 0.07866599},
  {0.11093683, 0.11445834, 0.11093683},
  {0.14696742, 0.15163266, 0.14696742},
  {0.18290391, 0.18870990, 0.18290391},
  {0.21383633, 0.22062423, 0.21383633},
  {0.23485327, 0.24230831, 0.23485327},
  {0.24230831, 0.25000000, 0.24230831},
  {0.23485327, 0.24230831, 0.23485327},
  {0.21383633, 0.22062423, 0.21383633},
  {0.18290391, 0.18870990, 0.18290391},
  {0.14696742, 0.15163266, 0.14696742},
  {0.11093683, 0.11445834, 0.11093683},
  {0.07866599, 0.08116312, 0.07866599}};

float g16_13_5[13][5] =
 {{0.07162620, 0.07866599, 0.08116312, 0.07866599, 0.07162620},
  {0.10100913, 0.11093683, 0.11445834, 0.11093683, 0.10100913},
  {0.13381536, 0.14696742, 0.15163266, 0.14696742, 0.13381536},
  {0.16653590, 0.18290391, 0.18870990, 0.18290391, 0.16653590},
  {0.19470020, 0.21383633, 0.22062423, 0.21383633, 0.19470020},
  {0.21383633, 0.23485327, 0.24230831, 0.23485327, 0.21383633},
  {0.22062423, 0.24230831, 0.25000000, 0.24230831, 0.22062423},
  {0.21383633, 0.23485327, 0.24230831, 0.23485327, 0.21383633},
  {0.19470020, 0.21383633, 0.22062423, 0.21383633, 0.19470020},
  {0.16653590, 0.18290391, 0.18870990, 0.18290391, 0.16653590},
  {0.13381536, 0.14696742, 0.15163266, 0.14696742, 0.13381536},
  {0.10100913, 0.11093683, 0.11445834, 0.11093683, 0.10100913},
  {0.07162620, 0.07866599, 0.08116312, 0.07866599, 0.07162620}};

float g16_13_7[13][7] =
 {{0.06126513, 0.07162620, 0.07866599, 0.08116312, 0.07866599, 0.07162620, 0.06126513},
  {0.08639769, 0.10100913, 0.11093683, 0.11445834, 0.11093683, 0.10100913, 0.08639769},
  {0.11445834, 0.13381536, 0.14696742, 0.15163266, 0.14696742, 0.13381536, 0.11445834},
  {0.14244571, 0.16653590, 0.18290391, 0.18870990, 0.18290391, 0.16653590, 0.14244571},
  {0.16653590, 0.19470020, 0.21383633, 0.22062423, 0.21383633, 0.19470020, 0.16653590},
  {0.18290391, 0.21383633, 0.23485327, 0.24230831, 0.23485327, 0.21383633, 0.18290391},
  {0.18870990, 0.22062423, 0.24230831, 0.25000000, 0.24230831, 0.22062423, 0.18870990},
  {0.18290391, 0.21383633, 0.23485327, 0.24230831, 0.23485327, 0.21383633, 0.18290391},
  {0.16653590, 0.19470020, 0.21383633, 0.22062423, 0.21383633, 0.19470020, 0.16653590},
  {0.14244571, 0.16653590, 0.18290391, 0.18870990, 0.18290391, 0.16653590, 0.14244571},
  {0.11445834, 0.13381536, 0.14696742, 0.15163266, 0.14696742, 0.13381536, 0.11445834},
  {0.08639769, 0.10100913, 0.11093683, 0.11445834, 0.11093683, 0.10100913, 0.08639769},
  {0.06126513, 0.07162620, 0.07866599, 0.08116312, 0.07866599, 0.07162620, 0.06126513}};

float g16_13_9[13][9] =
 {{0.04922792, 0.06126513, 0.07162620, 0.07866599, 0.08116312, 0.07866599, 0.07162620, 0.06126513, 0.04922792},
  {0.06942249, 0.08639769, 0.10100913, 0.11093683, 0.11445834, 0.11093683, 0.10100913, 0.08639769, 0.06942249},
  {0.09196986, 0.11445834, 0.13381536, 0.14696742, 0.15163266, 0.14696742, 0.13381536, 0.11445834, 0.09196986},
  {0.11445834, 0.14244571, 0.16653590, 0.18290391, 0.18870990, 0.18290391, 0.16653590, 0.14244571, 0.11445834},
  {0.13381536, 0.16653590, 0.19470020, 0.21383633, 0.22062423, 0.21383633, 0.19470020, 0.16653590, 0.13381536},
  {0.14696742, 0.18290391, 0.21383633, 0.23485327, 0.24230831, 0.23485327, 0.21383633, 0.18290391, 0.14696742},
  {0.15163266, 0.18870990, 0.22062423, 0.24230831, 0.25000000, 0.24230831, 0.22062423, 0.18870990, 0.15163266},
  {0.14696742, 0.18290391, 0.21383633, 0.23485327, 0.24230831, 0.23485327, 0.21383633, 0.18290391, 0.14696742},
  {0.13381536, 0.16653590, 0.19470020, 0.21383633, 0.22062423, 0.21383633, 0.19470020, 0.16653590, 0.13381536},
  {0.11445834, 0.14244571, 0.16653590, 0.18290391, 0.18870990, 0.18290391, 0.16653590, 0.14244571, 0.11445834},
  {0.09196986, 0.11445834, 0.13381536, 0.14696742, 0.15163266, 0.14696742, 0.13381536, 0.11445834, 0.09196986},
  {0.06942249, 0.08639769, 0.10100913, 0.11093683, 0.11445834, 0.11093683, 0.10100913, 0.08639769, 0.06942249},
  {0.04922792, 0.06126513, 0.07162620, 0.07866599, 0.08116312, 0.07866599, 0.07162620, 0.06126513, 0.04922792}};

float g16_13_11[13][11] =
 {{0.03715918, 0.04922792, 0.06126513, 0.07162620, 0.07866599, 0.08116312, 0.07866599, 0.07162620, 0.06126513, 0.04922792, 0.03715918},
  {0.05240285, 0.06942249, 0.08639769, 0.10100913, 0.11093683, 0.11445834, 0.11093683, 0.10100913, 0.08639769, 0.06942249, 0.05240285},
  {0.06942249, 0.09196986, 0.11445834, 0.13381536, 0.14696742, 0.15163266, 0.14696742, 0.13381536, 0.11445834, 0.09196986, 0.06942249},
  {0.08639769, 0.11445834, 0.14244571, 0.16653590, 0.18290391, 0.18870990, 0.18290391, 0.16653590, 0.14244571, 0.11445834, 0.08639769},
  {0.10100913, 0.13381536, 0.16653590, 0.19470020, 0.21383633, 0.22062423, 0.21383633, 0.19470020, 0.16653590, 0.13381536, 0.10100913},
  {0.11093683, 0.14696742, 0.18290391, 0.21383633, 0.23485327, 0.24230831, 0.23485327, 0.21383633, 0.18290391, 0.14696742, 0.11093683},
  {0.11445834, 0.15163266, 0.18870990, 0.22062423, 0.24230831, 0.25000000, 0.24230831, 0.22062423, 0.18870990, 0.15163266, 0.11445834},
  {0.11093683, 0.14696742, 0.18290391, 0.21383633, 0.23485327, 0.24230831, 0.23485327, 0.21383633, 0.18290391, 0.14696742, 0.11093683},
  {0.10100913, 0.13381536, 0.16653590, 0.19470020, 0.21383633, 0.22062423, 0.21383633, 0.19470020, 0.16653590, 0.13381536, 0.10100913},
  {0.08639769, 0.11445834, 0.14244571, 0.16653590, 0.18290391, 0.18870990, 0.18290391, 0.16653590, 0.14244571, 0.11445834, 0.08639769},
  {0.06942249, 0.09196986, 0.11445834, 0.13381536, 0.14696742, 0.15163266, 0.14696742, 0.13381536, 0.11445834, 0.09196986, 0.06942249},
  {0.05240285, 0.06942249, 0.08639769, 0.10100913, 0.11093683, 0.11445834, 0.11093683, 0.10100913, 0.08639769, 0.06942249, 0.05240285},
  {0.03715918, 0.04922792, 0.06126513, 0.07162620, 0.07866599, 0.08116312, 0.07866599, 0.07162620, 0.06126513, 0.04922792, 0.03715918}};

float g16_13_13[13][13] =
 {{0.02634981, 0.03715918, 0.04922792, 0.06126513, 0.07162620, 0.07866599, 0.08116312, 0.07866599, 0.07162620, 0.06126513, 0.04922792, 0.03715918, 0.02634981},
  {0.03715918, 0.05240285, 0.06942249, 0.08639769, 0.10100913, 0.11093683, 0.11445834, 0.11093683, 0.10100913, 0.08639769, 0.06942249, 0.05240285, 0.03715918},
  {0.04922792, 0.06942249, 0.09196986, 0.11445834, 0.13381536, 0.14696742, 0.15163266, 0.14696742, 0.13381536, 0.11445834, 0.09196986, 0.06942249, 0.04922792},
  {0.06126513, 0.08639769, 0.11445834, 0.14244571, 0.16653590, 0.18290391, 0.18870990, 0.18290391, 0.16653590, 0.14244571, 0.11445834, 0.08639769, 0.06126513},
  {0.07162620, 0.10100913, 0.13381536, 0.16653590, 0.19470020, 0.21383633, 0.22062423, 0.21383633, 0.19470020, 0.16653590, 0.13381536, 0.10100913, 0.07162620},
  {0.07866599, 0.11093683, 0.14696742, 0.18290391, 0.21383633, 0.23485327, 0.24230831, 0.23485327, 0.21383633, 0.18290391, 0.14696742, 0.11093683, 0.07866599},
  {0.08116312, 0.11445834, 0.15163266, 0.18870990, 0.22062423, 0.24230831, 0.25000000, 0.24230831, 0.22062423, 0.18870990, 0.15163266, 0.11445834, 0.08116312},
  {0.07866599, 0.11093683, 0.14696742, 0.18290391, 0.21383633, 0.23485327, 0.24230831, 0.23485327, 0.21383633, 0.18290391, 0.14696742, 0.11093683, 0.07866599},
  {0.07162620, 0.10100913, 0.13381536, 0.16653590, 0.19470020, 0.21383633, 0.22062423, 0.21383633, 0.19470020, 0.16653590, 0.13381536, 0.10100913, 0.07162620},
  {0.06126513, 0.08639769, 0.11445834, 0.14244571, 0.16653590, 0.18290391, 0.18870990, 0.18290391, 0.16653590, 0.14244571, 0.11445834, 0.08639769, 0.06126513},
  {0.04922792, 0.06942249, 0.09196986, 0.11445834, 0.13381536, 0.14696742, 0.15163266, 0.14696742, 0.13381536, 0.11445834, 0.09196986, 0.06942249, 0.04922792},
  {0.03715918, 0.05240285, 0.06942249, 0.08639769, 0.10100913, 0.11093683, 0.11445834, 0.11093683, 0.10100913, 0.08639769, 0.06942249, 0.05240285, 0.03715918},
  {0.02634981, 0.03715918, 0.04922792, 0.06126513, 0.07162620, 0.07866599, 0.08116312, 0.07866599, 0.07162620, 0.06126513, 0.04922792, 0.03715918, 0.02634981}};

float g16_13_15[13][15] =
 {{0.01755276, 0.02634981, 0.03715918, 0.04922792, 0.06126513, 0.07162620, 0.07866599, 0.08116312, 0.07866599, 0.07162620, 0.06126513, 0.04922792, 0.03715918, 0.02634981, 0.01755276},
  {0.02475335, 0.03715918, 0.05240285, 0.06942249, 0.08639769, 0.10100913, 0.11093683, 0.11445834, 0.11093683, 0.10100913, 0.08639769, 0.06942249, 0.05240285, 0.03715918, 0.02475335},
  {0.03279286, 0.04922792, 0.06942249, 0.09196986, 0.11445834, 0.13381536, 0.14696742, 0.15163266, 0.14696742, 0.13381536, 0.11445834, 0.09196986, 0.06942249, 0.04922792, 0.03279286},
  {0.04081138, 0.06126513, 0.08639769, 0.11445834, 0.14244571, 0.16653590, 0.18290391, 0.18870990, 0.18290391, 0.16653590, 0.14244571, 0.11445834, 0.08639769, 0.06126513, 0.04081138},
  {0.04771333, 0.07162620, 0.10100913, 0.13381536, 0.16653590, 0.19470020, 0.21383633, 0.22062423, 0.21383633, 0.19470020, 0.16653590, 0.13381536, 0.10100913, 0.07162620, 0.04771333},
